Expected counts table (so far)
a     0     0     19.59 
a     0     1     15.05 
a     1     0     18.31 
a     1     1     14.06 
b     0     0     14.94 
b     0     1     9.72 
b     1     0     28.07 
b     1     1     18.27 
c     0     0     7.682 
c     0     1     8.218 
c     1     0     23.72 
c     1     1     25.38 
d     0     0     17.65 
d     0     1     13.24 
d     1     0     6.348 
d     1     1     4.761 
e     0     0     12.56 
e     0     1     17.72 
e     1     0     1.545 
e     1     1     2.18 
f     0     0     6.436 
f     0     1     3.226 
f     1     0     29.54 
f     1     1     14.8 
g     0     0     10.23 
g     0     1     10.28 
g     1     0     8.223 
g     1     1     8.266 
h     0     0     2.832 
h     0     1     1.05 
h     1     0     38.75 
h     1     1     14.37 
i     0     0     11.43 
i     0     1     8.584 
i     1     0     1.705 
i     1     1     1.28 
j     0     0     1.997 
j     0     1     0.8658 
j     1     0     3.584 
j     1     1     1.554 
k     0     0     1.865 
k     0     1     0.4213 
k     1     0     9.555 
k     1     1     2.158 
l     0     0     19.75 
l     0     1     6.481 
l     1     0     9.616 
l     1     1     3.155 
m     0     0     18.63 
m     0     1     9.719 
m     1     0     13.57 
m     1     1     7.081 
n     0     0     10.23 
n     0     1     3.923 
n     1     0     6.394 
n     1     1     2.452 
o     0     0     5.401 
o     0     1     6.393 
o     1     0     5.131 
o     1     1     6.075 
p     0     0     23.23 
p     0     1     18.67 
p     1     0     2.827 
p     1     1     2.272 
q     0     0     1.596 
q     0     1     0.5519 
q     1     0     2.862 
q     1     1     0.9901 
r     0     0     0.1223 
r     0     1     0.03354 
r     1     0     28.91 
r     1     1     7.929 
s     0     0     57.68 
s     0     1     34.49 
s     1     0     28.68 
s     1     1     17.15 
t     0     0     19.56 
t     0     1     35.42 
t     1     0     6.414 
t     1     1     11.62 
u     0     0     5.133 
u     0     1     1.854 
u     1     0     2.214 
u     1     1     0.7996 
v     0     0     0.6253 
v     0     1     0.1659 
v     1     0     1.746 
v     1     1     0.4632 
w     0     0     15.86 
w     0     1     12.51 
w     1     0     21.04 
w     1     1     16.59 
y     0     0     2.033 
y     0     1     0.8739 
y     1     0     7.059 
y     1     1     3.035 
